50	2
51	2
49	1
21	14
38	3
25	4
118	1
40	3
39	9
47	1
166	1
9	3
55	1
26	35
58	1
44	4
33	13
22	3
20	4
66	2
7	6
6	13
94	1
35	1
64	2
5	13
34	2
18	7
10	3
13	7
11	7
12	4
41	1
17	7
122	1
4	9
62	4
3	32
32	52
2	31
90	1
31	621
86	1
27	41
16	4
8	10
23	9
14	15
19	10
24	32
87	1
28	10
30	80
29	43
15	16
--------------------------------------------------------------------------------
BUMA.1121.00019.1	91.2607
BUMA.1121.00020.2	90.2323
BUMA.1121.00002.2	89.5635
BUMA.1121.00046.1	90.9987
BUMA.1121.00046.2	90.6154
BUMA.1121.00017.2	90.3417
BUMA.1121.00048.2	89.9952
BUMA.1121.00042.1	89.1991
BUMA.1121.00044.1	91.2407
BUMA.1121.00020.1	91.3682
BUMA.1121.00040.2	90.2722
BUMA.1121.00087.2	89.7598
BUMA.1121.00034.2	90.3405
BUMA.1121.00054.2	90.6836
BUMA.1121.00086.2	89.8845
BUMA.1121.00040.1	90.1822
BUMA.1121.00024.1	91.1266
BUMA.1121.00006.1	91.0983
BUMA.1121.00085.2	91.0227
BUMA.1121.00038.2	90.6538
BUMA.1121.00086.1	90.7298
BUMA.1121.00030.2	90.3169
BUMA.1121.00044.2	90.3395
BUMA.1121.00087.1	90.1583
BUMA.1121.00002.1	89.51
BUMA.1121.00006.2	90.6846
BUMA.1121.00054.1	91.0195
BUMA.1121.00048.1	89.9515
BUMA.1121.00052.1	91.3049
BUMA.1121.00022.1	90.346
BUMA.1121.00050.1	90.6561
BUMA.1121.00081.2	90.6863
BUMA.1121.00015.1	90.8783
BUMA.1121.00050.2	90.462
BUMA.1121.00085.1	91.2693
BUMA.1121.00042.2	88.5664
BUMA.1121.00036.1	90.6872
BUMA.1121.00038.1	91.0991
BUMA.1121.00036.2	89.5359
BUMA.1121.00013.2	90.5972
BUMA.1121.00081.1	91.0965
BUMA.1121.00034.1	91.3437
BUMA.1121.00028.2	90.4006
BUMA.1121.00013.1	91.1051
BUMA.1121.00010.2	89.1462
BUMA.1121.00004.2	90.2826
BUMA.1121.00032.1	91.2055
BUMA.1121.00015.2	90.3281
BUMA.1121.00004.1	91.2709
BUMA.1121.00017.1	91.2053
BUMA.1121.00008.1	91.3425
BUMA.1121.00028.1	91.1295
BUMA.1121.00008.2	90.2372
BUMA.1121.00022.2	89.7199
BUMA.1121.00026.2	89.4609
BUMA.1121.00026.1	89.8892
BUMA.1121.00024.2	90.4649
BUMA.1121.00052.2	91.0246
BUMA.1121.00032.2	90.0794
BUMA.1121.00010.1	89.2169
BUMA.1121.00019.2	90.1467
BUMA.1121.00030.1	91.2049
