>BUMA.1121.00022.1
+1 +2 +3 +4 +5 +8 +9 +10 +11 +12 +13 +14 +15 +16 +17 +18 +19 +20 +21 +22 +23 +24 +25 +26 +28 +29 +32 +33 +36 +37 +38 +39 +40 +41 +42 +43 +44 +45 +46 +47 +48 +49 +50 +51 +53 +54 +55 +56 +57 +58 +59 +60 +61 +62 +63 +64 +65 +66 +67 +68 +69 +70 +71 +72 +73 +74 +75 +76 +77 +78 +79 +80 +81 +82 +83 +84 +85 +87 +88 +89 +94 +95 +96 +98 +99 +100 +101 +102 +103 +104 +105 +106 +107 +108 +109 +110 +111 +112 +113 +114 +115 +116 +117 +118 +119 +120 +121 +122 +123 +127 +129 +130 @
>BUMA.1121.00024.1
+54 -47 -46 +3 +4 +5 -17 -16 -23 -22 -21 -20 -19 -13 -12 -11 -10 -9 +25 +26 -29 -28 +8 +14 -24 +38 +39 +40 +41 +42 +43 +44 +45 +15 -18 +32 +33 +36 +37 +58 +59 -61 -60 +62 +63 +64 +65 +66 +67 +68 +69 +70 +71 +76 +77 +78 +79 +80 +81 +82 +83 +84 +85 +87 +88 +89 -101 -100 -99 -98 -96 -95 -94 +102 +103 +104 +105 +106 +107 +108 +109 +110 +111 +112 +113 +114 +115 +116 +117 +118 +119 +120 +121 +122 +127 +129 -75 -2 -1 -130 +72 +73 +74 -57 -56 -55 +48 +49 +50 +51 +53 @
>BUMA.1121.00054.1
+127 +129 -75 -2 -1 -130 +72 +73 +74 -57 -56 +55 +48 +49 +50 +51 -36 +14 +46 +47 -54 -53 +37 +38 +39 +40 +41 +42 +43 +44 +45 -24 +15 +16 +17 +82 +117 +18 -23 -22 -21 -20 -19 -13 -12 -11 -10 -9 +25 +26 -29 -28 +32 +33 -8 -5 -4 -3 +58 +59 +60 +61 +62 -63 +64 +65 +66 +67 +68 +69 +70 +71 +76 +77 +78 +79 +80 +81 -116 -115 -114 -113 -112 -111 -110 -109 -108 -107 -106 -105 -104 -103 -102 +94 +95 +96 +98 +99 +100 +101 -89 -88 -87 -85 -84 -83 +118 +119 +120 +121 +122 +123 @
>BUMA.1121.00052.1
-33 -32 +25 +26 -29 -28 +18 -23 -22 -21 -20 -19 -13 +10 +11 +12 +9 -17 -16 -15 +24 -14 +3 +4 +5 +8 +58 +59 -61 -60 +56 +57 +63 +64 +65 +66 +67 +68 +69 +70 +71 +76 -117 -118 +77 +78 +79 +80 +81 +82 +83 +84 +85 +87 +88 +89 -101 -100 -99 -98 -96 -95 -94 +102 +103 +104 +105 +106 +107 +108 +109 +110 +111 +112 +113 +114 +115 +116 +119 +120 +121 +122 +123 +129 -75 -74 -73 -72 +130 +1 +2 -62 -55 +48 +49 +50 +51 +53 +54 -47 -46 -45 -44 -43 -42 -41 -40 -39 -38 -37 -36 @
>BUMA.1121.00048.1
-48 -55 +56 +57 -74 -73 -72 +130 +1 +2 +75 -129 -127 -123 -122 -121 -120 -119 -118 +83 +84 +85 +87 +88 +89 -101 -100 -99 -98 -96 -95 -94 +102 +103 +104 +105 +106 +107 +108 +109 +110 +111 +112 +113 +114 +115 +116 -81 -80 -79 -78 -77 -76 -71 -70 -69 -68 -67 -66 -65 -64 +63 -62 -61 -60 -59 -58 +3 +4 +5 +8 -33 -32 +28 +29 -26 -25 +9 +10 +11 +12 +13 +19 +20 +21 +22 +23 -18 -117 -82 -17 -16 -15 +24 -45 -44 -43 -42 -41 -40 -39 -38 -37 +53 +54 -47 -46 -14 +36 -51 -50 -49 @
>BUMA.1121.00050.1
-95 -94 +102 +103 +104 +105 +106 +107 -89 -88 -87 -85 -84 -83 -82 -117 +118 +119 +120 +121 +122 +123 +127 +129 -75 -2 -1 -130 +72 +73 +74 -57 -56 -55 +48 +49 +46 +47 -38 -37 -36 +14 +50 +51 +53 +54 +39 +40 +41 +42 +43 +44 +45 -24 +15 +16 +17 +13 +19 +20 +21 +22 +23 -18 -12 -11 -10 -9 +28 +29 -26 -25 +32 +33 -8 -5 -4 -3 +58 +59 +60 +61 +62 +63 +64 +65 +66 +67 +68 +69 +70 +71 +76 +77 +78 +79 +80 +81 -116 -115 -114 -113 -112 -111 -110 -109 -108 -101 -100 -99 -98 -96 @
>BUMA.1121.00050.2
+131 +132 +133 +134 +135 +136 +137 +138 +140 +141 +142 +143 +144 +145 +146 +147 +148 +149 +150 +151 +152 +153 +154 +155 +156 +157 +158 +159 +160 +161 +162 +169 +170 +171 +172 +174 +175 +176 +177 +178 +179 +187 +188 +189 +190 +191 +192 +194 +195 +196 +197 +202 +207 +208 +209 +210 +211 +212 +213 +214 +215 +216 +217 @
>BUMA.1121.00015.1
+22 +23 -18 -17 -16 -15 +24 -45 -44 -43 -42 -41 -40 -39 +28 +29 -51 -50 -14 +25 +26 +53 +54 -47 -46 -49 -48 +55 +56 +64 +65 +66 +67 +68 +69 +70 +71 +76 +77 +78 +79 +80 +81 -116 -115 -114 -113 -112 -111 -110 -109 -108 -107 -106 -105 -104 -103 -102 +94 +95 +96 +98 +99 +100 +101 -89 -88 -87 -85 -84 -83 -63 +57 -74 -73 -72 +130 +1 +75 -129 -127 -123 -122 -121 -120 -119 -118 +117 +82 -62 -61 -60 -59 -58 +3 +4 +5 +8 -33 -32 +36 +37 +38 +9 +10 +11 +12 +13 +19 +20 +21 @
>BUMA.1121.00081.2
+217 +131 +132 +133 +134 +135 -215 -214 -213 -212 -211 -210 -209 -208 -207 -202 -197 -196 -195 -194 -192 -191 +169 +174 +175 +176 +162 -190 -189 -188 -187 -172 -171 -170 -179 -178 -177 -161 -160 -159 -158 -157 -156 -155 -154 -153 -152 -151 -150 -149 -148 -147 -146 -145 -144 -143 -142 -141 -140 -138 -137 -136 +216 @
>BUMA.1121.00006.2
-216 +136 +137 +138 +140 +141 +142 +143 +144 +145 +146 +147 +148 +149 +150 +151 +152 +153 +154 +155 +156 +157 +158 +159 +160 +161 +177 +178 +179 +170 +171 +172 +187 +188 +189 +190 -162 -176 -175 -174 -169 +191 +192 +194 +195 +196 +197 +202 +207 +208 +209 +210 +211 +212 +213 +214 +215 -135 -134 -133 -132 -131 -217 @
>BUMA.1121.00086.1
+54 +55 +56 +57 -2 -1 -130 +72 +73 +74 +75 +76 +77 +78 +79 +80 +81 +82 +83 +84 +85 +87 +88 +89 +94 +95 +96 +98 +99 +100 +101 +102 +103 +104 +105 +106 +107 +108 +109 +110 +111 +112 +113 +114 +115 +116 +117 +118 +119 +120 +121 +122 +123 +127 +129 -71 -70 -69 -68 -67 -66 -65 -64 -63 -62 -61 -60 -59 -58 -37 -36 -51 -50 -49 -48 -47 -46 +3 +4 +5 -38 -29 -28 -26 -25 -24 +15 +16 +17 +13 +19 +20 +21 +22 +23 -18 -12 -11 -10 -9 -14 -8 +39 +40 +41 +42 +43 +44 +45 +32 +33 +53 @
>BUMA.1121.00085.1
+9 -17 -16 -15 +24 -14 +3 +4 +5 +8 +58 +59 -61 -60 +56 +57 +63 +64 +65 +66 +67 +68 +69 +70 +71 +76 -117 -118 +77 +78 +79 +80 +81 +82 +83 +84 +85 +87 +88 +89 -101 -100 -99 -98 -96 -95 -94 +102 +103 +104 +105 +106 +107 +108 +109 +110 +111 +112 +113 +114 +115 +116 +119 +120 +121 +122 +123 +129 -75 -74 -73 -72 +130 +1 +2 -62 -55 +48 +49 +50 +51 +53 +54 -47 -46 -45 -44 -43 -42 -41 -40 -39 -38 -37 -36 -33 -32 +25 +26 -29 -28 +18 -23 -22 -21 -20 -19 -13 +10 +11 +12 @
>BUMA.1121.00040.1
+54 -47 -46 +25 +26 -29 -28 +9 +8 +15 -45 -44 -43 -42 -41 -40 -39 -38 -37 -36 +14 -24 +19 +20 +21 +22 +23 -18 -17 -16 +32 +33 -13 -12 -11 -10 -5 -4 -3 +58 +59 +60 +61 +62 +63 +64 +65 +66 +67 +68 +69 +70 +71 +76 +77 +78 +79 +80 +81 +82 +83 +84 +85 -107 -106 -105 -104 -103 -102 +89 -101 -100 -99 -98 -96 -95 -94 -88 -87 +108 +109 +110 +111 +112 +113 +114 +115 +116 +117 +118 +119 +120 +121 +122 +123 +127 +129 -75 -74 -73 -72 +130 +1 +2 -57 -55 +56 +48 +49 +50 +51 +53 @
>BUMA.1121.00087.2
-155 -154 -153 -152 -151 -150 -149 +207 +208 +209 +210 +211 +212 +213 +214 +215 -135 -134 -133 -132 -131 -217 -216 +136 +137 +138 +140 +141 +142 +143 +144 +145 +146 +147 +148 -202 -176 +178 +179 -190 -189 -188 -187 -162 -177 -172 -171 -170 -169 +191 +192 +194 +195 +196 +197 -175 -174 -161 -160 -159 -158 -157 -156 @
>BUMA.1121.00040.2
-132 -131 -217 -216 -215 -214 -213 -212 -211 -210 -209 -208 +149 +150 +151 +152 +153 +154 +155 +156 +157 +158 +159 +160 +161 +177 +162 -190 -189 -188 -187 -179 -178 -176 -175 -174 -172 -171 -170 -169 +191 +192 +194 +195 +196 +197 +202 -148 -147 -146 -145 -144 -143 -142 -141 -140 -138 -137 -136 -135 -134 -133 @
>BUMA.1121.00020.1
+54 -47 -46 +3 +4 +5 -17 -16 -23 -22 -21 -20 -19 -13 -12 -11 -10 -9 +25 +26 -29 -28 +8 +14 -24 +38 +39 +40 +41 +42 +43 +44 +45 +15 -18 +32 +33 +36 +37 +58 +59 -61 -60 +62 +63 +64 +65 +66 +67 +68 +69 +70 +71 +76 +77 +78 +79 +80 +81 +82 +83 +84 +85 +87 +88 +89 -101 -100 -99 -98 -96 -95 -94 +102 +103 +104 +105 +106 +107 +108 +109 +110 +111 +112 +113 +114 +115 +116 +117 +118 +119 +120 +121 +122 +123 +127 +129 -75 -2 -1 -130 +72 +73 +74 -57 -56 -55 +48 +49 +50 +51 +53 @
>BUMA.1121.00044.1
+8 +14 -24 +38 +39 +40 +41 +42 +43 +44 +45 +15 -18 +32 +33 +36 +37 +58 +59 -61 -60 +62 +63 +64 +65 +66 +67 +68 +69 +70 +71 +76 +77 +78 +79 +80 +81 +82 +83 +84 +85 +87 +88 +89 -101 -100 -99 -98 -96 -95 -94 +102 +103 +104 +105 +106 +107 +108 +109 +110 +111 +112 +113 +114 +115 +116 +117 +118 +119 +120 +121 +122 +123 +127 +129 -75 -1 -130 +72 +73 +74 -57 -56 -55 +48 +49 +50 +51 +53 +54 -47 -46 +3 +4 +5 -17 -16 -23 -22 -21 -20 -19 -13 -12 -11 -10 -9 +25 +26 -29 -28 @
>BUMA.1121.00086.2
+217 +131 +132 +133 +134 +135 -215 -214 -213 -212 -211 -210 -209 -208 -207 +149 +150 +151 +152 +153 +154 +155 +156 +157 +158 +159 +160 +161 +174 +175 -176 +178 +179 -190 -189 -188 -187 -162 -177 -172 -171 -170 -169 +191 +192 +194 +195 +196 +197 +202 -148 -147 -146 -145 -144 -143 -142 -141 -140 -138 -137 -136 +216 @
>BUMA.1121.00054.2
+140 +141 +142 +143 +144 +145 +146 +147 +148 +149 +150 +151 +152 +153 +154 +155 +156 +157 +158 +159 +160 +161 +177 +178 +179 +170 +171 +172 +187 +188 +189 +190 -162 -176 -175 -174 -169 +191 +192 +194 +195 +196 +197 +202 +207 +208 +209 +210 +211 +212 +213 +214 +215 -135 -134 -133 -132 -131 -217 -216 +136 +137 +138 @
>BUMA.1121.00002.1
+105 +106 +107 +108 -96 -95 +109 +110 +111 +112 +113 +114 -62 +60 +53 +54 -47 -46 -45 -44 -43 -42 -41 -40 -39 -38 -37 -36 +5 +8 +14 -24 +15 +9 +10 +11 +12 +13 +19 +20 +21 +22 +23 +16 +17 -18 +28 +29 -26 -25 +32 +33 -4 -3 +58 +59 -61 -51 -50 -49 -48 +55 +56 +57 -2 -1 -130 +72 +73 +74 +75 -129 -123 -122 -121 -120 +87 +88 +89 -119 -118 -116 -115 +63 +64 +65 +66 +67 +68 +69 +70 +71 +76 +77 +78 +79 +80 +81 +82 +83 +84 +85 +94 +98 +99 +100 +101 +102 +103 +104 @
>BUMA.1121.00087.1
-41 -40 -39 +8 +14 +9 +10 +11 +12 +18 -23 -22 -21 -20 -19 -13 -17 -16 -15 +24 +25 +26 +28 +29 +38 -5 -4 -3 +46 +47 +48 +49 +50 +51 +36 +37 +58 +59 +60 +61 +62 +63 +64 +65 +66 +67 +68 +69 +70 +71 -129 -127 -123 -122 -121 -120 -119 -118 -117 -116 -115 -114 -113 -112 -111 -110 -109 -108 -107 -106 -105 -104 -103 -102 -101 -100 -99 -98 -96 -95 -94 -89 -88 -87 -85 -84 -83 -82 -81 -80 -79 -78 -77 -76 -75 -74 -73 -72 +130 +1 +2 -57 -56 -55 -54 -53 -33 -32 -45 -44 -43 -42 @
>BUMA.1121.00042.1
-28 +18 +19 +20 +21 +22 +23 +25 +26 -9 -57 -56 +55 +48 +49 +50 +51 +53 +54 -47 -46 +3 +4 +5 +8 +17 -12 -11 -10 +13 -60 +64 +65 +66 +67 -2 -1 -130 +72 +73 +74 +75 -129 +127 -123 -122 -121 -120 -103 -102 +94 +95 +96 +98 -101 -100 +104 +105 +106 +107 +108 +109 +110 +111 +112 +113 +114 +115 +116 +118 +119 -99 -89 -88 -87 -84 -83 -82 -81 -80 -79 -78 -77 -63 +76 -62 -71 -70 -69 -68 -59 -58 -45 -44 -43 -42 -41 -40 -39 -38 +36 +37 +14 -15 +24 +16 -33 -32 -29 @
>BUMA.1121.00034.2
+217 +131 +132 +133 +134 +135 +140 +141 +142 +143 +144 +145 +146 +147 +148 -202 -197 -196 -195 -194 +174 +175 +176 +178 +179 -190 -189 -188 -187 -162 -177 -172 -171 -170 -169 +191 +192 -161 -160 -159 -158 -157 -156 -155 -154 -153 -152 -151 -150 -149 +207 +208 +209 +210 +211 +212 +213 +214 +215 -138 -137 -136 +216 @
>BUMA.1121.00048.2
-159 -158 -157 -156 -155 -154 -153 -152 -151 -150 -149 -148 -147 -146 -145 -144 -143 -142 -141 -140 -138 -137 -136 +216 +217 +131 +132 +133 +134 +135 -215 -214 -213 -212 -211 -210 -209 -208 -207 -202 -197 -196 -195 -194 -192 -191 +169 +174 +175 +176 +162 -190 -189 -188 -187 -172 -171 -170 -179 -178 -177 -161 -160 @
>BUMA.1121.00017.2
+217 +131 +132 +133 +134 +135 +140 +141 +142 +143 +144 +145 +146 +147 +148 -202 -197 -196 -195 -194 +174 +175 +176 +178 +179 -190 -189 -188 -187 -162 -177 -172 -171 -170 -169 +191 +192 -161 -160 -159 -158 -157 -156 -155 -154 -153 -152 -151 -150 -149 +207 +208 +209 +210 +211 +212 +213 +214 +215 -138 -137 -136 +216 @
>BUMA.1121.00038.2
-216 +136 +137 +138 +140 +141 +142 +143 +144 +145 +146 +147 +148 +149 +150 +151 +152 +153 +154 +155 +156 +157 +158 +159 +160 +161 +177 +178 +179 +170 +171 +172 +187 +188 +189 +190 -162 -176 -175 -174 -169 +191 +192 +194 +195 +196 +197 +202 +207 +208 +209 +210 +211 +212 +213 +214 +215 -135 -134 -133 -132 -131 -217 @
>BUMA.1121.00085.2
-190 -189 -188 -187 -179 -178 -162 -177 +191 +192 +202 -148 -147 -146 -145 -144 -143 -142 -141 -140 -138 -137 -136 +216 +217 +131 +132 +133 +134 +135 -215 -214 -213 -212 -211 -210 -209 -208 +149 +150 +151 +152 +176 +174 +175 @
>BUMA.1121.00002.2
-154 -153 -152 -151 -150 -149 +208 +209 +210 +211 +212 +213 +214 +215 -135 -134 -133 -132 -131 -217 -216 +136 +137 +138 +140 +141 +142 +143 +144 +145 +146 +147 +148 -202 -176 +178 +179 +169 +170 +171 +172 +177 +162 +187 +188 +189 +190 +191 +192 +194 +195 +196 +197 -157 -156 -155 @
>BUMA.1121.00046.1
-78 -77 -76 -71 -70 -69 -68 -67 -66 -65 -64 -63 -62 -61 -60 -59 -58 +3 +4 +5 +8 -33 -32 +25 +26 -29 -28 +9 +10 +11 +12 +18 -23 -22 -21 -20 -19 -13 -17 -16 -15 +24 -45 -44 -43 -42 -41 -40 -39 -54 -53 -51 -50 -14 +36 +37 +38 -47 -46 -49 -48 +55 +56 +57 -74 -73 -72 +130 +1 +2 +75 -129 -127 -123 -122 -121 -120 -119 -118 +117 +82 +83 +84 +85 +87 +88 +89 -107 -106 -105 -104 -103 -102 +94 +95 +96 +98 +99 +100 +101 +108 +109 +110 +111 +112 +113 +114 +115 +116 -81 -80 -79 @
>BUMA.1121.00046.2
+202 -162 -161 -160 -159 -158 -157 -156 -155 -154 -153 -152 -151 -150 -149 -148 -147 -146 -145 -144 -143 -142 -141 -140 -138 -137 -136 -135 -134 -133 -132 -131 -217 -216 -215 -214 -213 -212 -211 -210 -209 -208 -207 +177 +178 +179 +187 +188 +189 +190 +191 +192 +194 +195 +196 +197 @
>BUMA.1121.00042.2
-197 -196 -195 -194 +178 +179 -192 -191 +170 +171 +172 +177 +162 -202 -190 -189 -188 -187 -176 -175 -174 -161 -160 -159 -158 -157 -154 -152 -151 -150 +207 +208 +209 +210 +211 -137 -136 -135 -133 -132 -131 -217 -216 -215 -214 -213 -212 +138 +140 +141 +142 +143 +145 +146 +147 +149 @
>BUMA.1121.00036.1
+26 +28 +29 +32 +33 +36 +37 +38 +39 +40 +41 +42 +43 +44 +45 +46 +47 -54 -53 -51 -50 -49 -48 +55 +56 +57 +63 +64 +65 +66 +67 +68 +69 +70 +71 -129 -127 -123 -122 -121 -120 -119 -118 -117 -116 -115 -114 -113 -112 -111 -110 -109 -108 -107 -106 -105 -104 -103 -102 -101 -100 -99 -98 -96 -95 -94 -89 -88 -87 -85 -84 -83 -82 -81 -80 -79 -78 -77 -76 -75 -74 -73 -72 +130 +1 +2 -62 -60 -59 -58 +3 +4 +5 +8 +14 -24 +15 +16 +17 +18 -23 -22 -21 -20 -19 -13 -12 -11 -10 -9 +25 @
>BUMA.1121.00038.1
+54 -47 -46 -14 +36 -51 -50 -49 -48 -55 +56 +57 -74 -73 -72 +130 +1 +2 +75 -129 -127 -123 -122 -121 -120 -119 -118 +83 +84 +85 +87 +88 +89 -101 -100 -99 -98 -96 -95 -94 +102 +103 +104 +105 +106 +107 +108 +109 +110 +111 +112 +113 +114 +115 +116 -81 -80 -79 -78 -77 -76 -71 -70 -69 -68 -67 -66 -65 -64 +63 -62 -61 -60 -59 -58 +3 +4 +5 +8 -33 -32 +28 +29 -26 -25 +9 +10 +11 +12 +13 +19 +20 +21 +22 +23 -18 -117 -82 -17 -16 -15 +24 -45 -44 -43 -42 -41 -40 -39 -38 -37 +53 @
>BUMA.1121.00036.2
-195 -194 -192 -191 +178 +179 -190 -189 -188 -187 -162 -177 -172 -171 -170 -169 +176 -175 -174 -161 -160 -159 -158 -157 -156 -155 -154 -153 -152 -151 -150 -149 +207 +208 +209 +210 +211 +212 +213 +214 +215 -133 -132 -131 -217 -216 +136 +137 +138 +140 +141 +142 +143 +144 +145 +146 +147 +148 -202 -197 -196 @
>BUMA.1121.00013.2
-148 -147 -146 -145 -144 -143 -142 -141 -140 -138 -137 -136 +216 +217 +131 +132 +133 +134 +135 -215 -214 -213 -212 -211 -210 -209 -208 -207 +149 +150 +151 +152 +153 +154 +155 +156 +157 +158 +159 +160 +161 +169 +170 +171 +172 +174 +175 -176 -190 -189 -188 -187 -179 -178 -162 -177 +191 +192 +194 +195 +196 +197 +202 @
>BUMA.1121.00081.1
+54 -47 -46 -14 +36 -51 -50 -49 -48 -55 +56 +57 -74 -73 -72 +130 +1 +2 +75 -129 -127 -123 -122 -121 -120 -119 -118 +83 +84 +85 +87 +88 +89 -101 -100 -99 -98 -96 -95 -94 +102 +103 +104 +105 +106 +107 +108 +109 +110 +111 +112 +113 +114 +115 +116 -81 -80 -79 -78 -77 -76 -71 -70 -69 -68 -67 -66 -65 -64 +63 -62 -61 -60 -59 -58 +3 +4 +5 +8 -33 -32 +28 +29 -26 -25 +9 +10 +11 +12 +13 +19 +20 +21 +22 +23 -18 -117 -82 -17 -16 -15 +24 -45 -44 -43 -42 -41 -40 -39 -38 -37 +53 @
>BUMA.1121.00034.1
+54 -47 -46 +3 +4 +5 -17 -16 -23 -22 -21 -20 -19 -13 -12 -11 -10 -9 +25 +26 -29 -28 +8 +14 -24 +38 +39 +40 +41 +42 +43 +44 +45 +15 -18 +32 +33 +36 +37 +58 +59 -61 -60 +62 +63 +64 +65 +66 +67 +68 +69 +70 +71 +76 +77 +78 +79 +80 +81 +82 +83 +84 +85 +87 +88 +89 -101 -100 -99 -98 -96 -95 -94 +102 +103 +104 +105 +106 +107 +108 +109 +110 +111 +112 +113 +114 +115 +116 +117 +118 +119 +120 +121 +122 +123 +127 +129 -75 -1 -130 +72 +73 +74 -57 -56 -55 +48 +49 +50 +51 +53 @
>BUMA.1121.00028.2
+217 +131 +132 +133 +134 +135 +140 +141 +142 +143 +144 +145 +146 +147 +148 -202 -197 -196 -195 -194 +174 +175 +176 +178 +179 -190 -189 -188 -187 -162 -177 -172 -171 -170 -169 +191 +192 -161 -160 -159 -158 -157 -156 -155 -154 -153 -152 -151 -150 -149 +207 +208 +209 +210 +211 +212 +213 +214 +215 -138 -137 -136 +216 @
>BUMA.1121.00013.1
+60 +61 -59 -58 -8 -5 -4 -3 +14 -24 +15 +16 +17 -9 -12 -11 -10 +13 +19 +20 +21 +22 +23 -18 +28 +29 -26 -25 +32 +33 +36 +37 +38 +39 +40 +41 +42 +43 +44 +45 +46 +47 -54 -53 +57 +63 +64 +65 +66 +67 +68 +69 +70 +71 +76 -117 -118 +77 +78 +79 +80 +81 +82 +83 +84 +95 +96 +98 +99 +100 +101 -89 -88 -87 -85 -94 +102 +103 +104 +105 +106 +107 +108 +109 +110 +111 +112 +113 +114 +115 +116 +119 +120 +121 +122 +123 -127 +129 -75 -74 -73 -72 +130 +1 +2 -62 -55 +48 +49 +50 +51 -56 @
>BUMA.1121.00010.2
+169 +170 +171 +172 +177 +162 +187 +188 +189 +190 +191 +192 +194 +195 +196 +197 -157 -156 -155 -154 -153 -152 -151 -150 -149 +208 +209 +210 +211 +212 +213 +214 +215 -135 -134 -133 -132 -131 -217 -216 +136 +137 +138 +140 +141 +142 +143 +144 +145 +146 +147 +148 -202 -176 +178 +179 @
>BUMA.1121.00004.2
+217 +131 +132 +133 +134 +135 +140 +141 +142 +143 +144 +145 +146 +147 +148 -202 -197 -196 -195 -194 +174 +175 +176 +178 +179 -190 -189 -188 -187 -162 -177 -172 -171 -170 -169 +191 +192 -161 -160 -159 -158 -157 -156 -155 -154 -153 -152 -151 -150 -149 +207 +208 +209 +210 +211 +212 +213 +214 +215 -138 -137 -136 +216 @
>BUMA.1121.00032.1
+87 +88 +89 -101 -100 -99 -98 -96 -95 -94 +102 +103 +104 +105 +106 +107 +108 +109 +110 +111 +112 +113 +114 +115 +116 +117 +118 +119 +120 +121 +122 +123 +129 -75 -2 -1 -130 +72 +73 +74 -57 -56 -55 +48 +49 +50 +51 +53 +54 -47 -46 +3 +4 +5 -17 -16 -23 -22 -21 -20 -19 -13 -12 -11 -10 +28 +29 -26 -25 +9 +8 +14 -24 +38 +39 +40 +41 +42 +43 +44 +45 +15 -18 +32 +33 +36 +37 +58 +59 -61 -60 +62 +63 +64 +65 +66 +67 +68 +69 +70 +71 +76 +77 +78 +79 +80 +81 +82 +83 +84 +85 @
>BUMA.1121.00015.2
-142 -141 -140 -138 -137 -136 +216 +217 +131 +132 +133 +134 +135 -215 -214 -213 -212 -211 -210 -209 -208 -202 +176 +169 +162 -190 -189 -188 -187 -179 -178 +191 +192 +194 +195 +196 +197 -175 -174 -172 -171 -170 -161 -160 -159 -158 -157 -156 -155 -154 -153 -152 -151 -150 -149 -148 -147 -146 -145 -144 -143 @
>BUMA.1121.00004.1
+54 -47 -46 +3 +4 +5 -17 -16 -23 -22 -21 -20 -19 -13 -12 -11 -10 -9 +25 +26 -29 -28 +8 +14 -24 +38 +39 +40 +41 +42 +43 +44 +45 +15 -18 +32 +33 +36 +37 +58 +59 -61 -60 +62 +63 +64 +65 +66 +67 +68 +69 +70 +71 +76 +77 +78 +79 +80 +81 +82 +83 +84 +85 +87 +88 +89 -101 -100 -99 -98 -96 -95 -94 +102 +103 +104 +105 +106 +107 +108 +109 +110 +111 +112 +113 +114 +115 +116 +117 +118 +119 +120 +121 +122 +127 +129 -75 -2 -1 -130 +72 +73 +74 -57 -56 -55 +48 +49 +50 +51 +53 @
>BUMA.1121.00006.1
+54 -47 -46 -14 +36 -51 -50 -49 -48 -55 +56 +57 -74 -73 -72 +130 +1 +2 +75 -129 -127 -123 -122 -121 -120 -119 -118 +83 +84 +85 +87 +88 +89 -101 -100 -99 -98 -96 -95 -94 +102 +103 +104 +105 +106 +107 +108 +109 +110 +111 +112 +113 +114 +115 +116 -81 -80 -79 -78 -77 -76 -71 -70 -69 -68 -67 -66 -65 -64 +63 -62 -61 -60 -59 -58 +3 +4 +5 +8 -33 -32 +28 +29 -26 -25 +9 +10 +11 +12 +13 +19 +20 +21 +22 +23 -18 -117 -82 -17 -16 -15 +24 -45 -44 -43 -42 -41 -40 -39 -38 -37 +53 @
>BUMA.1121.00017.1
+54 -47 -46 +3 +4 +5 -17 -16 -23 -22 -21 -20 -19 -13 -12 -11 -10 -9 +25 +26 -29 -28 +8 +14 -24 +38 +39 +40 +41 +42 +43 +44 +45 +15 -18 +32 +33 +36 +37 +58 +59 -61 -60 +62 +63 +64 +65 +66 +67 +68 +69 +70 +71 +76 +77 +78 +79 +80 +81 +82 +83 +84 +85 +87 +88 +89 -101 -100 -99 -98 -96 -95 -94 +102 +103 +104 +105 +106 +107 +108 +109 +110 +111 +112 +113 +114 +115 +116 +117 +118 +119 +120 +121 +122 +123 +127 +129 -75 -1 -130 +72 +73 +74 -57 -56 -55 +48 +49 +50 +51 +53 @
>BUMA.1121.00008.1
+54 -47 -46 +3 +4 +5 -17 -16 -23 -22 -21 -20 -19 -13 -12 -11 -10 -9 +25 +26 -29 -28 +8 +14 -24 +38 +39 +40 +41 +42 +43 +44 +45 +15 -18 +32 +33 +36 +37 +58 +59 -61 -60 +62 +63 +64 +65 +66 +67 +68 +69 +70 +71 +77 +78 +79 +80 +81 +82 +83 +84 +85 +87 +88 +89 -101 -100 -99 -98 -96 -95 -94 +102 +103 +104 +105 +106 +107 +108 +109 +110 +111 +112 +113 +114 +115 +116 +117 +118 +119 +120 +121 +122 +123 +127 +129 -75 -2 -1 -130 +72 +73 +74 -57 -56 -55 +48 +49 +50 +51 +53 @
>BUMA.1121.00028.1
+54 -47 -46 +3 +4 +5 -17 -16 -23 -22 -21 -20 -19 -13 -12 -11 -10 -9 +25 +26 -29 -28 +8 +14 -24 +38 +39 +40 +41 +42 +43 +44 +45 +15 -18 +32 +33 +36 +37 +58 +59 -61 -60 +62 +63 +64 +65 +66 +67 +68 +69 +70 +71 +76 +77 +78 +79 +80 +81 +82 +83 +84 +85 +87 +88 +89 -101 -100 -99 -98 -96 -95 -94 +102 +103 +104 +105 +106 +107 +108 +109 +110 +111 +112 +113 +114 +115 +116 +117 +118 +119 +120 +121 +122 +123 +127 +129 -75 -2 -1 -130 +72 +73 +74 -57 -56 -55 +48 +49 +50 +51 +53 @
>BUMA.1121.00008.2
+217 +131 +132 +133 +134 +135 +140 +141 +142 +143 +144 +145 +146 +147 +148 -202 -197 -196 -195 -194 +174 +175 +176 +178 +179 -190 -189 -188 -187 -162 -177 -172 -171 -170 -169 +191 +192 -161 -160 -159 -158 -157 -156 -155 -154 -153 -152 -151 -150 -149 +207 +208 +209 +210 +211 +212 +213 +214 +215 -138 -137 -136 +216 @
>BUMA.1121.00022.2
+161 +174 +175 -176 +178 +179 -190 -189 -188 -187 -162 -177 -172 -171 -170 -169 +191 +192 +194 +195 +196 +197 +202 -148 -147 -146 -145 -144 -143 -142 -141 -140 -138 -137 -136 +216 +217 +131 +132 +133 +134 +135 -215 -214 -213 -212 -211 -210 -209 -208 -207 +149 +150 +151 +152 +153 +154 +155 +156 +157 +158 +159 +160 @
>BUMA.1121.00026.2
+192 -179 -178 +194 +195 +196 +197 -143 -142 -141 -140 -138 +212 +213 +214 +215 +216 +217 +131 +132 -211 -210 -209 -208 -207 +149 +144 +145 +146 +147 +150 +151 +152 +154 +157 +158 +159 +160 +161 +174 +175 +176 -202 +187 +188 -190 -189 -162 -177 -172 -171 -170 -169 +191 @
>BUMA.1121.00026.1
-85 +84 -83 -82 -81 -80 -79 -78 -77 -61 -60 +62 -76 +63 -57 -56 -55 +48 +49 +50 +51 +53 +54 -47 -46 -45 -44 -43 -42 -41 -40 -39 -38 -37 -36 +14 -15 +16 +17 -12 -11 -10 +13 -23 -22 -21 -20 -19 -18 +28 +29 +25 +26 -9 +32 +33 -8 -5 -4 -3 +58 +59 +68 +69 +70 +71 +64 +65 +66 +67 -2 -1 -130 +72 +73 +74 +75 -129 -123 -122 -121 -120 -119 -118 -117 -116 -115 -114 -113 -112 -111 -110 -109 -103 -102 +94 +95 +96 +98 -101 -100 +104 +105 +106 +107 +108 -99 -89 -88 -87 @
>BUMA.1121.00024.2
+217 +131 +132 +133 +134 +135 +140 +141 +142 +143 +144 +145 +146 +147 +148 -202 -197 -196 -195 -194 +174 +175 +176 +178 +179 -190 -189 -188 -187 -162 -177 -172 -171 -170 -169 +191 +192 -161 -160 -159 -158 -157 -156 -155 -154 -153 -152 -151 -150 -149 +207 +208 +209 +210 +211 +212 +213 +214 +215 -138 -137 -136 +216 @
>BUMA.1121.00052.2
-136 +216 +217 +131 +132 +133 +134 +135 -215 -214 -213 -212 -211 -210 -209 -208 +149 +150 +151 +152 +176 +174 +175 -190 -189 -188 -187 -179 -178 -162 -177 +191 +192 +202 -148 -147 -146 -145 -144 -143 -142 -141 -140 -138 -137 @
>BUMA.1121.00032.2
-151 -150 -149 +207 +208 +209 +210 +211 +212 +213 +214 +215 -138 -137 -136 +216 +217 +131 +132 +142 +143 +144 +145 +146 +147 +148 -202 -197 -196 -195 -194 +176 +178 +179 -190 -189 -188 -187 -162 -157 -156 -155 -154 -153 -152 @
>BUMA.1121.00010.1
+107 +108 -96 -95 +109 +110 +111 +112 +113 +114 -62 +60 +53 +54 -47 -46 -45 -44 -43 -42 -41 -40 -39 -38 -37 -36 +5 +8 +14 -24 +15 +9 +10 +11 +12 +13 +19 +20 +21 +22 +23 +16 +17 -18 +28 +29 -26 -25 +32 +33 -4 -3 +58 +59 -61 -51 -50 -49 -48 +55 +56 +57 -2 -1 -130 +72 +73 +74 +75 -129 -123 -122 -121 -120 +87 +88 +89 -119 -118 -116 -115 +63 +64 +65 +66 +67 +68 +69 +70 +71 +76 +77 +78 +79 +80 +81 +82 +83 +84 +85 +94 +98 +99 +100 +101 +102 +103 +104 +105 +106 @
>BUMA.1121.00019.2
+217 +131 +132 +133 +134 +135 +140 +141 +142 +143 +144 +145 +146 +147 +148 -202 -197 -196 -195 -194 +174 +175 +176 +178 +179 -190 -189 -188 -187 -162 -177 -172 -171 -170 -169 +191 +192 -161 -160 -159 -158 -157 -156 -155 -154 -153 -152 -151 -150 -149 +207 +208 +209 +210 +211 +212 +213 +214 +215 -138 -137 -136 +216 @
>BUMA.1121.00030.1
+54 -47 -46 +3 +4 +5 -17 -16 -23 -22 -21 -20 -19 -13 -12 -11 -10 -9 +25 +26 -29 -28 +8 +14 -24 +38 +39 +40 +41 +42 +43 +44 +45 +15 -18 +32 +33 +36 +37 +58 +59 -61 -60 +62 +63 +64 +65 +66 +67 +68 +69 +70 +71 +76 +77 +78 +79 +80 +81 +82 +83 +84 +85 +87 +88 +89 -101 -100 -99 -98 -96 -95 -94 +102 +103 +104 +105 +106 +107 +108 +109 +110 +111 +112 +113 +114 +115 +116 +117 +118 +119 +120 +121 +122 +123 +127 +129 -75 -1 -130 +72 +73 +74 -57 -56 -55 +48 +49 +50 +51 +53 @
>BUMA.1121.00044.2
+216 +217 +131 +132 +133 +134 +135 +140 +141 +142 +143 +144 +145 +146 +147 +148 -202 -197 -196 -195 -194 +174 +175 +176 +178 +179 -190 -189 -188 -187 -162 -177 -172 -171 -170 -169 +191 +192 -161 -160 -159 -158 -157 -156 -155 -154 -153 -152 -151 -150 -149 +207 +208 +209 +210 +211 +212 +213 +214 +215 -138 -137 -136 @
>BUMA.1121.00030.2
-216 +136 +137 +138 -215 -214 -213 -212 -211 -210 -209 -208 -207 +149 +150 +151 +152 +153 +154 +155 +156 +157 +158 +159 +160 +161 -192 -191 +169 +170 +171 +172 +177 +162 +187 +188 +189 +190 -179 -178 -176 -175 -174 +194 +195 +196 +197 +202 -148 -147 -146 -145 -144 -143 -142 -141 -140 -135 -134 -133 -132 -131 -217 @
>BUMA.1121.00020.2
+217 +131 +132 +133 +134 +135 +140 +141 +142 +143 +144 +145 +146 +147 +148 -202 -197 -196 -195 -194 +174 +175 +176 +178 +179 -190 -189 -188 -187 -162 -177 -172 -171 -170 -169 +191 +192 -161 -160 -159 -158 -157 -156 -155 -154 -153 -152 -151 -150 -149 +207 +208 +209 +210 +211 +212 +213 +214 +215 -138 -137 -136 +216 @
>BUMA.1121.00019.1
+54 -47 -46 +3 +4 +5 -17 -16 -23 -22 -21 -20 -19 -13 -12 -11 -10 -9 +25 +26 -29 -28 +8 +14 -24 +38 +39 +40 +41 +42 +43 +44 +45 +15 -18 +32 +33 +36 +37 +58 +59 -61 -60 +62 +63 +64 +65 +66 +67 +68 +69 +70 +71 +76 +77 +78 +79 +80 +81 +82 +83 +84 +85 +87 +88 +89 -101 -100 -99 -98 -96 -95 -94 +102 +103 +104 +105 +106 +107 +108 +109 +110 +111 +112 +113 +114 +115 +116 +118 +119 +120 +121 +122 +123 +127 +129 -75 -2 -1 -130 +72 +73 +74 -57 -56 -55 +48 +49 +50 +51 +53 @
