>BUMA.1121.00022.1
+1 +2 +3 +4 +5 +6 +7 +8 +9 +10 +11 +12 +13 +14 +15 +16 +17 +18 +19 +20 +21 +22 +23 +24 +25 +26 +27 +28 +29 +30 +31 +32 +33 +34 +35 +36 +37 +38 +39 +40 +41 +42 +43 +44 +45 +46 +47 +48 +49 +50 +51 +52 +53 +54 +55 +56 +57 +58 +59 +60 +61 +62 +63 +64 +65 +66 +67 +68 +69 +70 +71 +72 +73 +74 +75 +76 +77 +78 +79 +80 +81 +82 +83 +84 +85 +86 +87 +88 +89 +90 +91 +92 +93 +94 +95 +96 +97 +98 +99 +100 +101 +102 +103 +104 +105 +106 +107 +108 +109 +110 +111 +112 +113 +114 +115 +116 +117 +118 +119 +120 +121 +122 +123 +124 +125 +126 +127 +128 +129 +130 +131 +132 +133 +134 +135 +136 +137 +138 +139 +140 +141 +142 +143 +144 +145 +146 $
>BUMA.1121.00024.1
+59 -52 -51 -50 -49 +4 +5 +6 -20 -19 -26 -25 -24 -23 -22 -16 -15 -14 -13 -12 -11 +28 +29 -32 -31 -30 +33 +34 +7 +8 +7 +8 +9 +10 +17 -27 +41 +42 +43 +44 +45 +46 +47 +48 +18 -21 +35 +36 +37 +38 +39 +40 +63 +64 -67 -66 -65 +68 +69 +70 +71 +72 +73 +74 +75 +76 +77 +78 +84 +85 +86 +87 +88 +89 +90 +91 +92 +93 +94 +95 +96 +97 +98 +99 +100 +101 -115 -114 -113 -112 -111 -110 -109 -108 -107 -106 +116 +117 +118 +119 +120 +121 +122 +123 +124 +125 +126 +127 +128 +129 +130 +131 +132 +133 +134 +135 +136 +137 +143 +144 +145 -83 -3 -2 -1 -146 +79 +80 +81 +82 -62 -61 -60 +53 +54 +55 +56 +57 +57 +57 +58 $
>BUMA.1121.00054.1
+141 +142 +143 +144 +145 -83 -3 -2 -1 -146 +79 +80 +81 +82 -62 -61 +60 +53 +54 +55 +56 +57 -39 +17 +49 +50 +51 +52 -59 -58 +40 +41 +42 +43 +44 +45 +46 +47 +48 -27 +18 +19 +20 +91 +131 +21 -26 -25 -24 -23 -22 -16 -15 -14 -13 -12 -11 -34 -33 +28 +29 -32 -31 +35 +36 +37 +38 -10 -9 -8 -7 -6 -5 -4 +63 +64 +65 +66 +67 +68 -69 +70 +71 +72 +73 +74 +75 +76 +77 +78 +84 +85 +86 +87 +88 +89 +90 -130 -129 -128 -127 -126 -125 -124 -123 -122 -121 -120 -119 -118 -117 -116 +106 +107 +108 +111 +112 +113 +114 -115 -105 -104 -103 -102 -101 -100 -99 -98 -97 -96 -95 -94 -93 -92 +132 +133 +134 +135 +136 +137 +138 +139 +140 +141 +142 +144 $
>BUMA.1121.00052.1
-37 -36 -35 +28 +29 -32 -31 +21 -26 -25 -24 -23 -22 -16 +13 +14 +15 -30 +33 +34 +37 +38 +11 +12 -20 -19 -18 +27 -17 +4 +5 +6 +7 +8 +9 +10 +63 +64 -67 -66 -65 +61 +62 -3 +69 +70 +71 +72 +73 +74 +75 +76 +77 +78 +84 +85 -131 -132 +86 +87 +88 +89 +90 +91 +92 +93 +94 +95 +96 +97 +98 +99 +100 +101 +115 -114 -113 -112 -111 -110 -109 -108 -107 -106 +116 +117 +118 +119 +120 +121 +122 +123 +124 +125 +126 +127 +128 +129 +130 +133 +134 +135 +136 +137 +138 +139 +140 +141 +142 +144 +145 -83 -82 -81 -80 -79 +146 +1 +2 -68 -60 +53 +54 +55 +56 +57 +58 +59 -52 -51 -50 -49 -48 -47 -46 -45 -44 -43 -42 -41 -40 -39 -38 $
>BUMA.1121.00048.1
-53 -60 +61 +62 -82 -81 -80 -79 +146 +1 +2 +3 +83 -145 -144 -143 -142 -141 -140 -139 -138 -137 -136 -135 -134 -133 -132 +92 +93 +94 +95 +96 +97 +98 +99 +100 +101 +102 +103 +104 +105 +115 -114 -113 -112 -111 -108 -107 -106 +116 +117 +118 +119 +120 +121 +122 +123 +124 +125 +126 +127 +128 +129 +130 -90 -89 -88 -87 -86 -85 -84 -78 -77 -76 -75 -74 -73 -72 -71 -70 +69 -68 -67 -66 -65 -64 -63 +4 +5 +6 +7 +8 +9 +10 -38 -37 -36 -35 +31 +32 -29 -28 +33 +34 +11 +12 +13 +14 +15 +16 +22 +23 +24 +25 +26 -21 -131 -91 -20 -19 -18 +27 -48 -47 -46 -45 -44 -43 -42 -41 -40 +58 +59 -52 -51 -50 -49 -17 +39 -57 -56 -55 -54 $
>BUMA.1121.00050.1
-107 -106 +116 +117 +118 +119 +120 +121 -101 -100 -99 -98 -97 -96 -95 -94 -93 -92 -91 -131 +132 +133 +134 +135 +136 +137 +138 +139 +140 +141 +142 +143 +144 +145 -83 -3 -2 -1 -146 +79 +80 +81 +82 -62 -61 -60 +53 +54 +49 +50 +51 +52 -41 -40 -39 +17 +55 +56 +57 +58 +59 +42 +43 +44 +45 +46 +47 +48 -27 +18 +19 +20 +16 +22 +23 +24 +25 +26 -21 -15 -14 -13 -12 -11 -34 -33 +31 +32 -29 -28 +35 +36 +37 +38 -10 -9 -8 -7 -6 -5 -4 +63 +64 +65 +66 +67 +68 +69 +70 +71 +72 +73 +74 +75 +76 +77 +78 +84 +85 +86 +87 +88 +89 +90 -130 -129 -128 -127 -126 -125 -124 -123 -122 +102 +103 +104 +105 +115 -114 -113 -112 -111 -110 -109 -108 $
>BUMA.1121.00050.2
+147 +148 +149 +150 +151 +152 +153 +154 +155 +156 +157 +158 +159 +160 +161 +162 +163 +164 +165 +166 +167 +168 +169 +170 +171 +172 +173 +174 +175 +176 +177 +178 +179 +180 +181 +182 +183 +184 +185 +186 +187 +188 +189 +190 +191 +192 +193 +194 +195 +196 +197 +198 +199 +200 +201 +202 +203 +204 +205 +206 +207 +208 +209 +210 +211 +212 +213 +214 +215 +216 +217 +218 +219 +220 +221 +222 +223 +224 +225 +226 -184 +227 +228 +229 +230 +231 +232 +233 +234 +235 +236 -141 +237 +238 +239 $
>BUMA.1121.00015.1
+25 +26 -21 -20 -19 -18 +27 -48 -47 -46 -45 -44 -43 -42 -34 -33 +31 +32 -57 -56 -55 -17 +28 +29 +58 +59 -52 -51 -50 -49 -54 -53 +60 +61 +70 +71 +72 +73 +74 +75 +76 +77 +78 +84 +85 +86 +87 +88 +89 +90 -130 -129 -128 -127 -126 -125 -124 -123 -122 -121 -120 -119 -118 -117 -116 +106 +107 +108 +109 +110 +111 +112 +113 +114 -115 -105 -104 -103 -102 -101 -100 -99 -98 -97 -96 -95 -94 -93 -92 -69 +62 -82 -81 -80 -79 +146 +1 +3 +83 -145 -144 -143 -142 -141 -140 -139 -138 -137 -136 -135 -134 -133 -132 +131 +91 -68 -67 -66 -65 -64 -63 +4 +5 +6 +7 +8 +9 +10 -38 -37 -36 -35 +39 +40 +41 +11 +12 +13 +14 +15 +16 +22 +23 +24 $
>BUMA.1121.00081.2
+239 +147 +148 +149 +150 +151 +152 -237 +141 -236 -235 -234 -233 -232 -231 -230 -229 -228 -227 +184 -226 -225 -224 -223 -222 -221 -220 -219 -218 -217 -216 -215 -214 -213 +190 +196 +197 +198 +183 +184 +185 +186 +187 +188 +189 -212 -211 -210 -209 -194 -193 -192 -191 -208 -207 -206 -205 -204 -203 -202 -201 -200 -199 -182 -181 -180 -179 -178 -177 +240 -176 -175 -174 -173 -172 -171 -170 -169 -168 -167 -166 -165 -164 -163 -162 -161 -160 -159 -158 -157 -156 -155 -154 -153 +238 $
>BUMA.1121.00006.2
-238 +153 +154 +155 +156 +157 +158 +159 +160 +161 +162 +163 +164 +165 +166 +167 +168 +169 +170 +171 +172 +173 +174 +175 +176 -240 +177 +178 +179 +180 +181 +182 +199 +200 +201 +202 +203 +204 +205 +206 +207 +208 +191 +192 +193 +194 +209 +210 +211 +212 -189 -188 -187 -186 -185 -184 -183 -198 -197 -196 -190 +213 +214 +215 +216 +217 +218 +219 +220 +221 +222 +223 +224 +225 +226 -184 +227 +228 +229 +230 +231 +232 +233 +234 +235 +236 -141 +237 -152 -151 -150 -149 -148 -147 -239 $
>BUMA.1121.00086.1
+59 +60 +61 +62 -3 -2 -1 -146 +79 +80 +81 +82 +83 +84 +85 +86 +87 +88 +89 +90 +91 +92 +93 +94 +95 +96 +97 +98 +99 +100 +101 +106 +107 +108 +109 +110 +111 +112 +113 +114 +115 +116 +117 +118 +119 +120 +121 +122 +123 +124 +125 +126 +127 +128 +129 +130 +131 +132 +133 +134 +135 +136 +137 +138 +139 +140 +141 +142 +143 +144 +145 -78 -77 -76 -75 -74 -73 -72 -71 -70 -69 -68 -67 -66 -65 -64 -63 -40 -39 -57 -57 -56 -55 -54 -53 -52 -51 -50 -49 +4 +5 +6 -41 -34 -33 -32 -31 -30 -29 -28 -27 +18 +19 +20 +16 +22 +23 +24 +25 +26 -21 -15 -14 -13 -12 -11 -17 -10 -9 -8 -7 +42 +43 +44 +45 +46 +47 +48 +35 +36 +37 +38 +58 $
>BUMA.1121.00085.1
+38 +11 +12 -20 -19 -18 +27 -17 +4 +5 +6 +7 +8 +9 +10 +63 +64 -67 -66 -65 +61 +62 -3 +69 +70 +71 +72 +73 +74 +75 +76 +77 +78 +84 +85 -131 -132 +86 +87 +88 +89 +90 +91 +92 +93 +94 +95 +96 +97 +98 +99 +100 +101 +115 -114 -113 -112 -111 -110 -109 -108 -107 -106 +116 +117 +118 +119 +120 +121 +122 +123 +124 +125 +126 +127 +128 +129 +130 +133 +134 +135 +136 +137 +138 +139 +140 +141 +142 +144 +145 -83 -82 -81 -80 -79 +146 +1 +2 -68 -60 +53 +54 +55 +56 +57 +58 +59 -52 -51 -50 -49 -48 -47 -46 -45 -44 -43 -42 -41 -40 -39 -38 -37 -36 -35 +28 +29 -32 -31 +21 -26 -25 -24 -23 -22 -16 +13 +14 +15 -30 +33 +34 +37 $
>BUMA.1121.00040.1
+59 -52 -51 -50 -49 +28 +29 -32 -31 -30 +33 +34 +11 +12 +10 +18 -48 -47 -46 -45 -44 -43 -42 -41 -40 -39 +17 -27 +22 +23 +24 +25 +26 -21 -20 -19 +35 +36 +37 +38 -16 -15 -14 -13 -9 -8 -7 -6 -5 -4 +63 +64 +65 +66 +67 +68 +69 +70 +71 +72 +73 +74 +75 +76 +77 +78 +84 +85 +86 +87 +88 +89 +90 +91 +92 +93 +94 +95 -121 -120 -119 -118 -117 -116 +99 +100 +101 +102 +103 +115 -114 -113 -112 -111 -110 -109 -108 -107 -106 -98 -97 -96 +122 +123 +124 +125 +126 +127 +128 +129 +130 +131 +132 +133 +134 +135 +136 +137 +138 +139 +140 +141 +142 +143 +144 +145 -83 -82 -81 -80 -79 +146 +1 +2 +3 -62 -60 +61 +53 +54 +55 +56 +57 +58 $
>BUMA.1121.00087.2
-173 -172 -171 -170 -169 -168 -167 -166 +229 +230 +231 +232 +233 +234 +235 +236 -141 +237 -152 -151 -150 -149 -148 -147 -239 -238 +153 +154 +155 +156 +157 +158 +159 +160 +161 +162 +163 +164 +165 -228 -227 +184 -226 -225 -224 -198 +200 +201 +241 +202 +203 +204 +205 +206 +207 +208 -212 -211 -210 -209 -189 -188 -187 -186 -185 -184 -183 -199 -193 -192 -191 -190 +213 +214 +215 +216 +217 +218 +219 +220 +221 +222 +223 +242 -197 -196 -182 -181 -180 -179 -178 -177 +240 -176 -175 -174 $
>BUMA.1121.00040.2
-148 -147 -239 -238 -237 +141 -236 -235 -234 -233 -232 -231 -230 +166 +167 +168 +169 +170 +171 +172 +173 +174 +175 +176 -240 +177 +178 +179 +180 +181 +182 +199 +183 +184 +185 +186 +187 +188 +189 +202 +203 +204 +205 +206 +207 +208 -212 -211 -210 -209 -201 -200 -198 -197 -196 -195 -194 -193 -192 -191 -190 +213 +214 +215 +216 +217 +218 +219 +224 +225 +226 -184 +227 +228 -165 -164 -163 -162 -161 -160 -159 -158 -157 -156 -155 -154 -153 -152 -151 -150 -149 $
>BUMA.1121.00020.1
+59 -52 -51 -50 -49 +4 +5 +6 -20 -19 -26 -25 -24 -23 -22 -16 -15 -14 -13 -12 -11 +28 +29 -32 -31 -30 +33 +34 +7 +8 +7 +8 +7 +8 +9 +10 +17 -27 +41 +42 +43 +44 +45 +46 +47 +48 +18 -21 +35 +36 +37 +38 +39 +40 +63 +64 -67 -66 -65 +68 +69 +70 +71 +72 +73 +74 +75 +76 +77 +78 +84 +85 +86 +87 +88 +89 +90 +91 +92 +93 +94 +95 +96 +97 +98 +99 +100 +101 -115 -114 -113 -112 -111 -110 -109 -108 -107 -106 +116 +117 +118 +119 +120 +121 +122 +123 +124 +125 +126 +127 +128 +129 +130 +131 +132 +133 +134 +135 +136 +137 +138 +139 +140 +141 +142 +143 +144 +145 -83 -3 -2 -1 -146 +79 +80 +81 +82 -62 -61 -60 +53 +54 +55 +56 +57 +57 +58 $
>BUMA.1121.00044.1
+8 +9 +10 +17 -27 +41 +42 +43 +44 +45 +46 +47 +48 +18 -21 +35 +36 +37 +38 +39 +40 +63 +64 -67 -66 -65 +68 +69 +70 +71 +72 +73 +74 +75 +76 +77 +78 +84 +85 +86 +87 +88 +89 +90 +91 +92 +93 +94 +95 +96 +97 +98 +99 +100 +101 -115 -114 -113 -112 -111 -110 -109 -108 -107 -106 +116 +117 +118 +119 +120 +121 +122 +123 +124 +125 +126 +127 +128 +129 +130 +131 +132 +133 +134 +135 +136 +137 +138 +139 +140 +141 +142 +143 +144 +145 -83 -3 -1 -146 +79 +80 +81 +82 -62 -61 -60 +53 +54 +55 +56 +57 +58 +59 -52 -51 -50 -49 +4 +5 +6 -20 -19 -26 -25 -24 -23 -22 -16 -15 -14 -13 -12 -11 +28 +29 -32 -31 -30 +33 +34 +7 +8 +9 +33 $
>BUMA.1121.00086.2
+239 +147 +148 +149 +150 +151 +152 -237 +141 -236 -235 -234 -233 -232 -231 -230 -229 +166 +167 +168 +169 +170 +171 +172 +173 +174 +175 +176 -240 +177 +178 +179 +180 +181 +182 +196 +197 -198 +200 +201 +241 +202 +203 +204 +205 +206 +207 +208 -212 -211 -210 -209 -189 -188 -187 -186 -185 -184 -183 -199 -193 -192 -191 -190 +213 +214 +215 +216 +217 +218 +219 +220 +221 +222 +223 +242 +224 +225 +226 -184 +227 +228 -165 -164 -163 -162 -161 -160 -159 -158 -157 -156 -155 -154 -153 +238 $
>BUMA.1121.00054.2
+157 +158 +159 +160 +161 +162 +163 +164 +165 +166 +167 +168 +169 +170 +171 +172 +173 +174 +175 +176 -240 +177 +178 +179 +180 +181 +182 +199 +200 +201 +202 +203 +204 +205 +206 +207 +208 +191 +192 +193 +194 +209 +210 +211 +212 -189 -188 -187 -186 -185 -184 -183 -198 -197 -196 -190 +213 +214 +215 +216 +217 +218 +219 +220 +221 +222 +223 +224 +225 +226 -184 +227 +228 +229 +230 +231 +232 +233 +234 +235 +236 -141 +237 -152 -151 -150 -149 -148 -147 -239 -238 +153 +154 +155 +156 $
>BUMA.1121.00002.1
+119 +120 +121 +122 -108 -107 +123 +124 +125 +126 +127 +128 -68 +65 +66 +58 +59 -52 -51 -50 -49 -48 -47 -46 -45 -44 -43 -42 -41 -40 -39 +6 +7 +8 +9 +10 +17 -27 +18 +12 +13 +14 +15 +16 +22 +23 +24 +25 +26 +19 +20 +11 -21 -34 -33 +30 +31 +32 -29 -28 +35 +36 +37 -38 -5 -4 +63 +64 -67 -57 -56 -55 -54 -53 +60 +61 +62 -3 -2 -1 -146 +79 +80 +81 +82 +83 -145 -144 -142 -141 -140 -139 -138 -137 -136 -135 +96 +97 +98 +99 +100 +101 -134 -133 -132 -130 -129 +69 +70 +71 +72 +73 +74 +75 +76 +77 +78 +84 +85 +86 +87 +88 +89 +90 +91 +92 +93 +94 +95 +102 +103 +104 +105 +106 +109 +110 +111 +112 +113 +114 -115 +116 +117 +118 $
>BUMA.1121.00087.1
-44 -43 -42 +7 +8 +9 +10 +17 +11 +12 +13 +14 +15 +21 -26 -25 -24 -23 -22 -16 -20 -19 -18 +27 +28 +29 +30 +31 +32 +33 +34 +41 -6 -5 -4 +49 +50 +51 +52 +53 +54 +55 +56 +57 +39 +40 +63 +64 +65 +66 +67 +68 +69 +70 +71 +72 +73 +74 +75 +76 +77 +78 -145 -144 -143 -142 -141 -140 -139 -138 -137 -136 -135 -134 -133 -132 -131 -130 -129 -128 -127 -126 -125 -124 -123 -122 -121 -120 -119 -118 -117 -116 -115 -114 -113 -112 -111 -110 -109 -108 -107 -106 -101 -100 -99 -98 -97 -96 -95 -94 -93 -92 -91 -90 -89 -88 -87 -86 -85 -84 -83 -82 -81 -80 -79 +146 +1 +2 +3 -62 -61 -60 -59 -58 -38 -37 -36 -35 -48 -47 -46 -45 $
>BUMA.1121.00042.1
-31 -30 +21 +22 +23 +24 +25 +26 +28 +29 -12 +11 -62 -61 +60 +53 +54 +55 +56 +57 +58 +59 -52 -51 -50 -49 +4 +5 +6 +7 +8 +9 +10 +20 -15 -14 -13 +16 -3 -66 -65 +70 +71 +72 +73 -2 -1 -146 +79 +80 +81 +82 +83 -145 -144 +143 -142 -141 -140 -139 -138 -137 -136 -135 -117 -116 +106 +107 +108 +109 +110 +111 +102 +103 +104 +105 +115 +243 -114 -113 +118 +119 +120 +121 +122 +123 +124 +125 +126 +127 +128 +129 +130 +132 +133 -112 -101 -100 -99 -98 -97 -96 -93 -92 -91 -90 -89 -88 -87 -86 -69 +84 +85 -68 -78 -77 -76 -75 -74 -64 -63 -48 -47 -46 -45 -44 -43 -42 -41 +39 +40 +17 -18 +27 +19 -38 -37 -36 -35 -34 -33 -32 $
>BUMA.1121.00034.2
+239 +147 +148 +149 +150 +151 +152 +157 +158 +159 +160 +161 +162 +163 +164 +165 -224 -242 -219 -218 -217 -216 -215 +196 +197 +198 +200 +201 +241 +202 +203 +204 +205 +206 +207 +208 -212 -211 -210 -209 -186 -185 -184 -183 -199 -193 -192 -191 -190 +213 +214 -182 -181 -180 -179 -178 -177 +240 -176 -175 -174 -173 -172 -171 -170 -169 -168 -167 -166 +229 +230 +231 +232 +233 +234 +235 +236 -141 +237 -155 -154 -153 +238 $
>BUMA.1121.00048.2
-180 -179 -178 -177 +240 -176 -175 -174 -173 -172 -171 -170 -169 -168 -167 -166 -165 -164 -163 -162 -161 -160 -159 -158 -157 -156 -155 -154 -153 +238 +239 +147 +148 +149 +150 +151 +152 -237 +141 -236 -235 -234 -233 -232 -231 -230 -229 -228 -227 +184 -226 -225 -224 -223 -222 -221 -220 -219 -218 -217 -216 -215 -214 -213 +190 +196 +197 +198 +183 +184 +185 +186 +187 +188 +189 -212 -211 -210 -209 -194 -193 -192 -191 -208 -207 -206 -205 -204 -203 -202 -201 -200 -199 -182 -181 $
>BUMA.1121.00017.2
+239 +147 +148 +149 +150 +151 +152 +157 +158 +159 +160 +161 +162 +163 +164 +165 -224 -242 -219 -218 -217 -216 -215 +196 +197 +198 +200 +201 +241 +202 +203 +204 +205 +206 +207 +208 -212 -211 -210 -209 -186 -185 -184 -183 -199 -193 -192 -191 -190 +213 +214 -182 -181 -180 -179 -178 -177 +240 -176 -175 -174 -173 -172 -171 -170 -169 -168 -167 -166 +229 +230 +231 +232 +233 +234 +235 +236 -141 +237 -155 -154 -153 +238 $
>BUMA.1121.00038.2
-238 +153 +154 +155 +156 +157 +158 +159 +160 +161 +162 +163 +164 +165 +166 +167 +168 +169 +170 +171 +172 +173 +174 +175 +176 -240 +177 +178 +179 +180 +181 +182 +199 +200 +201 +202 +203 +204 +205 +191 +192 +193 +194 +209 +210 +211 +212 -189 -188 -187 -186 -185 -184 -183 -198 -197 -196 -190 +213 +214 +215 +216 +217 +218 +219 +220 +221 +222 +223 +224 +225 +226 -184 +227 +228 +229 +230 +231 +232 +233 +234 +235 +236 -141 +237 -152 -151 -150 -149 -148 -147 -239 $
>BUMA.1121.00085.2
-212 -211 -210 -209 -208 -207 -206 -205 -204 -203 -202 -201 -200 -187 -186 -185 -184 -183 -199 +213 +214 +224 +225 +226 -184 +227 +228 -165 -164 -163 -162 -161 -160 -159 -158 -157 -156 -155 -154 -153 +238 +239 +147 +148 +149 +150 +151 +152 -237 +141 -236 -235 -234 -233 -232 -231 -230 +166 +167 +168 +169 +198 +196 +197 $
>BUMA.1121.00002.2
-172 -171 -170 -169 -168 -167 -166 +230 +231 +232 +233 +234 +235 +236 -141 +237 -152 -151 -150 -149 -148 -147 -239 -238 +153 +154 +155 +156 +157 +158 +159 +160 +161 +162 +163 +164 +165 -228 -227 +184 -226 -225 -224 -198 +200 +201 +241 +202 +203 +204 +205 +206 +207 +208 +190 +191 +192 +193 +199 +183 +184 +185 +186 +209 +210 +211 +212 +213 +214 +215 +216 +217 +218 +219 +220 +221 +222 -176 -175 -174 -173 $
>BUMA.1121.00046.1
-87 -86 -85 -84 -78 -77 -76 -75 -74 -73 -72 -71 -70 -69 -68 -67 -66 -65 -64 -63 +4 +5 +6 +7 +8 +9 +10 -38 -37 -36 -35 +28 +29 -32 -31 +33 +34 +11 +12 +13 +14 +15 +21 -26 -25 -24 -23 -22 -16 -20 -19 -18 +27 -48 -47 -46 -45 -44 -43 -42 -59 -58 -57 -56 -55 -17 +39 +40 +41 -52 -51 -50 -49 -54 -53 +60 +61 +62 -82 -81 -80 -79 +146 +1 +2 +3 +83 -145 -144 -143 -142 -141 -140 -139 -138 -137 -136 -135 -134 -133 -132 +131 +91 +92 +93 +94 +95 +96 +97 +98 +99 +100 +101 -121 -120 -119 -118 -117 -116 +106 +107 +108 +111 +112 +113 +114 -115 -105 -104 -103 -102 +122 +123 +124 +125 +126 +127 +128 +129 +130 -90 -89 -88 $
>BUMA.1121.00046.2
+220 +221 +222 +223 +224 +225 +226 -184 -183 -182 -181 -180 -179 -178 -177 -176 -175 -174 -173 -172 -171 -170 -169 -168 -167 -166 -165 -164 -163 -162 -161 -160 -159 -158 -157 -156 -155 -154 -153 -152 -151 -150 -149 -148 -147 -239 -238 -237 +141 -236 -235 -234 -233 -232 -231 -230 -229 -228 -227 +184 +185 +186 +199 +200 +201 +202 +203 +204 +205 +206 +207 +208 +209 +210 +211 +212 +213 +214 +215 +216 +217 +218 +219 +215 $
>BUMA.1121.00042.2
-221 -220 -219 -218 -217 -216 -215 +244 +200 +201 -214 -213 +191 +192 +193 +194 +195 +199 +183 -225 -224 -242 -228 -227 +184 +185 +186 +187 +188 +189 -212 -211 -210 -209 -208 -207 -206 -205 -204 -203 -202 -241 -198 -197 -196 -182 -181 -180 -179 -178 -177 +240 -176 -175 -171 -169 -168 -167 +229 +230 +231 +232 +233 -154 -153 -152 -150 -148 -147 -239 -238 -237 +141 -236 -235 -234 +155 +156 +157 +158 +159 +160 +162 +163 +164 +166 -222 $
>BUMA.1121.00036.1
+29 +30 +31 +32 +33 +34 +35 +36 +37 +38 +39 +40 +41 +42 +43 +44 +45 +46 +47 +48 +49 +50 +51 +52 -59 -58 -57 -56 -55 -54 -53 +60 +61 +62 +69 +70 +71 +72 +73 +74 +75 +76 +77 +78 -145 -144 -143 -142 -141 -140 -139 -138 -137 -136 -135 -134 -133 -132 -131 -130 -129 -128 -127 -126 -125 -124 -123 -122 -121 -120 -119 -118 -117 -116 +115 -114 -113 -112 -111 -110 -109 -108 -107 -106 -101 -100 -99 -98 -97 -96 -95 -94 -93 -92 -91 -90 -89 -88 -87 -86 -85 -84 -83 -82 -81 -80 -79 +146 +1 +2 +3 -68 -66 -65 -64 -63 +4 +5 +6 +7 +8 +9 +10 +17 -27 +18 +19 +20 +21 -26 -25 -24 -23 -22 -16 -15 -14 -13 -12 -11 +28 $
>BUMA.1121.00038.1
+59 -52 -51 -50 -49 -17 +39 -57 -56 -55 -54 -53 -60 +61 +62 -82 -81 -80 -79 +146 +1 +2 +3 +83 -145 -144 -143 -142 -141 -140 -139 -138 -137 -136 -135 -134 -133 -132 +92 +93 +94 +95 +96 +97 +98 +99 +100 +101 +102 +103 +104 +105 +115 -114 -113 -112 -111 -108 -107 -106 +116 +117 +118 +119 +120 +121 +122 +123 +124 +125 +126 +127 +128 +129 +130 -90 -89 -88 -87 -86 -85 -84 -78 -77 -76 -75 -74 -73 -72 -71 -70 +69 -68 -67 -66 -65 -64 -63 +4 +5 +6 +7 +8 +9 +10 -38 -37 -36 -35 +31 +32 -29 -28 +33 +34 +11 +12 +13 +14 +15 +16 +22 +23 +24 +25 +26 -21 -131 -91 -20 -19 -18 +27 -48 -47 -46 -45 -44 -43 -42 -41 -40 +58 $
>BUMA.1121.00036.2
-217 -216 -215 -214 -213 +200 +201 +241 +202 +203 +204 +205 +206 +207 +208 -212 -211 -210 -209 -189 -188 -187 -186 -185 -184 -183 -199 -193 -192 -191 -190 +198 -197 -196 -182 -181 -180 -179 -178 -177 +240 -176 -175 -174 -173 -172 -171 -170 -169 -168 -167 -166 +229 +230 +231 +232 +233 +234 +235 +236 -141 +237 -150 -149 -148 -147 -239 -238 +153 +154 +155 +156 +157 +158 +159 +160 +161 +162 +163 +164 +165 -228 -227 +184 -226 -225 -224 -242 -223 -222 -221 -220 -219 -218 $
>BUMA.1121.00013.2
+227 +228 -165 -164 -163 -162 -161 -160 -159 -158 -157 -156 -155 -154 -153 +238 +239 +147 +148 +149 +150 +151 +152 -237 +141 -236 -235 -234 -233 -232 -231 -230 -229 +166 +167 +168 +169 +170 +171 +172 +173 +174 +175 +176 -240 +177 +178 +179 +180 +181 +182 +190 +191 +192 +193 +194 +195 +196 +197 -198 -212 -211 -210 -209 -205 -204 -203 -202 -201 -200 -187 -186 -185 -184 -183 -199 +213 +214 +215 +216 +217 +218 +219 +242 +224 +225 +226 -184 $
>BUMA.1121.00081.1
+59 -52 -51 -50 -49 -17 +39 -57 -56 -55 -54 -53 -60 +61 +62 -82 -81 -80 -79 +146 +1 +2 +3 +83 -145 -144 -143 -142 -141 -140 -139 -138 -137 -136 -135 -134 -133 -132 +92 +93 +94 +95 +96 +97 +98 +99 +100 +101 +102 +103 +104 +105 +115 -114 -113 -112 -111 -108 -107 -106 +116 +117 +118 +119 +120 +121 +122 +123 +124 +125 +126 +127 +128 +129 +130 -90 -89 -88 -87 -86 -85 -84 -78 -77 -76 -75 -74 -73 -72 -71 -70 +69 -68 -67 -66 -65 -64 -63 +4 +5 +6 +7 +8 +9 +10 -38 -37 -36 -35 +31 +32 -29 -28 +33 +34 +11 +12 +13 +14 +15 +16 +22 +23 +24 +25 +26 -21 -131 -91 -20 -19 -18 +27 -48 -47 -46 -45 -44 -43 -42 -41 -40 +58 $
>BUMA.1121.00034.1
+59 -52 -51 -50 -49 +4 +5 +6 -20 -19 -26 -25 -24 -23 -22 -16 -15 -14 -13 -12 -11 +28 +29 -32 -31 -30 +33 +34 +7 +8 +9 +33 +34 +7 +8 +9 +10 +17 -27 +41 +42 +43 +44 +45 +46 +47 +48 +18 -21 +35 +36 +37 +38 +39 +40 +63 +64 -67 -66 -65 +68 +69 +70 +71 +72 +73 +74 +75 +76 +77 +78 +84 +85 +86 +87 +88 +89 +90 +91 +92 +93 +94 +95 +96 +97 +98 +99 +100 +101 -115 -114 -113 -112 -111 -110 -109 -108 -107 -106 +116 +117 +118 +119 +120 +121 +122 +123 +124 +125 +126 +127 +128 +129 +130 +131 +132 +133 +134 +135 +136 +137 +138 +139 +140 +141 +142 +143 +144 +145 -83 -3 -1 -146 +79 +80 +81 +82 -62 -61 -60 +53 +54 +55 +56 +57 +58 $
>BUMA.1121.00028.2
+239 +147 +148 +149 +150 +151 +152 +157 +158 +159 +160 +161 +162 +163 +164 +165 -224 -242 -223 -219 -218 -217 -216 -215 +196 +197 +198 +200 +201 +241 +202 +203 +204 +205 +206 +207 +208 -212 -211 -210 -209 -186 -185 -184 -183 -199 -193 -192 -191 -190 +213 +214 -182 -181 -180 -179 -178 -177 +240 -176 -175 -174 -173 -172 -171 -170 -169 -168 -167 -166 +229 +230 +231 +232 +233 +234 +235 +236 -141 +237 -155 -154 -153 +238 $
>BUMA.1121.00013.1
+66 +67 -64 -63 -10 -9 -8 -7 -6 -5 -4 +17 -27 +18 +19 +20 -12 -11 -34 -33 +30 -15 -14 -13 +16 +22 +23 +24 +25 +26 -21 +31 +32 -29 -28 +35 +36 +37 +38 +39 +40 +41 +42 +43 +44 +45 +46 +47 +48 +49 +50 +51 +52 -59 -58 +62 -3 +69 +70 +71 +72 +73 +74 +75 +76 +77 +78 +84 +85 -131 -132 +86 +87 +88 +89 +90 +91 +92 +93 +107 +108 +109 +110 +111 +112 +113 +114 -115 -105 -104 -103 -102 -101 -100 -99 -98 -97 -96 -95 -94 -106 +116 +117 +118 +119 +120 +121 +122 +123 +124 +125 +126 +127 +128 +129 +130 +133 +134 +135 +136 +137 +138 +139 +140 +141 +142 -143 +144 +145 -83 -82 -81 -80 -79 +146 +1 +2 -68 -60 +53 +54 +55 +56 +57 -61 +65 $
>BUMA.1121.00010.2
+204 +205 +206 +207 +208 +190 +191 +192 +193 +199 +183 +184 +185 +186 +209 +210 +211 +212 +213 +214 +215 +216 +217 +218 +219 +220 +221 +222 -176 -175 -174 -173 -172 -171 -170 -169 -168 -167 -166 +230 +231 +232 +233 +234 +235 +236 -141 +237 -152 -151 -150 -149 -148 -147 -239 -238 +153 +154 +155 +156 +157 +158 +159 +160 +161 +162 +163 +164 +165 -228 -227 +184 -226 -225 -224 -198 +200 +201 +241 +202 +203 $
>BUMA.1121.00004.2
+239 +147 +148 +149 +150 +151 +152 +157 +158 +159 +160 +161 +162 +163 +164 +165 -224 -242 -223 -222 -221 -220 -219 -218 -217 -216 -215 +196 +197 +198 +200 +201 +241 +202 +203 +204 +205 -212 -211 -210 -209 -186 -185 -184 -183 -199 -193 -192 -191 -190 +213 +214 -182 -181 -180 -179 -178 -177 +240 -176 -175 -174 -173 -172 -171 -170 -169 -168 -167 -166 +229 +230 +231 +232 +233 +234 +235 +236 -141 +237 -155 -154 -153 +238 $
>BUMA.1121.00032.1
+101 +96 +97 +98 +99 +100 +101 -115 -114 -113 -112 -111 -110 -109 -108 -107 -106 +116 +117 +118 +119 +120 +121 +122 +123 +124 +125 +126 +127 +128 +129 +130 +131 +132 +133 +134 +135 +136 +137 +138 +139 +140 +141 +142 +144 +145 -83 -3 -2 -1 -146 +79 +80 +81 +82 -62 -61 -60 +53 +54 +55 +56 +57 +58 +59 -52 -51 -50 -49 +4 +5 +6 -20 -19 -26 -25 -24 -23 -22 -16 -15 -14 -13 -34 -33 +30 +31 +32 -29 -28 +11 +12 +7 +8 +9 +10 +17 -27 +41 +42 +43 +44 +45 +46 +47 +48 +18 -21 +35 +36 +37 +38 +39 +40 +63 +64 -67 -66 -65 +68 +69 +70 +71 +72 +73 +74 +75 +76 +77 +78 +84 +85 +86 +87 +88 +89 +90 +91 +92 +93 +94 +95 +96 $
>BUMA.1121.00015.2
-159 -158 -157 -156 -155 -154 -153 +238 +239 +147 +148 +149 +150 +151 +152 -237 +141 -236 -235 -234 -233 -232 -231 -230 -228 -227 +184 -226 -225 -224 +198 +190 +183 +184 +185 +186 +187 +188 +189 -212 -211 -210 -209 -208 -207 -206 -205 -204 -203 -202 -201 -200 +213 +214 +215 +216 +217 +218 +219 +220 +221 +222 -197 -196 -195 -194 -193 -192 -191 -182 -181 -180 -179 -178 -177 -176 -175 -174 -173 -172 -171 -170 -169 -168 -167 -166 -165 -164 -163 -162 -161 -160 $
>BUMA.1121.00004.1
+59 -52 -51 -50 -49 +4 +5 +6 -20 -19 -26 -25 -24 -23 -22 -16 -15 -14 -13 -12 -11 +28 +29 -32 -31 -30 +33 +34 +7 +8 +7 +8 +9 +10 +17 -27 +41 +42 +43 +44 +45 +46 +47 +48 +18 -21 +35 +36 +37 +38 +39 +40 +63 +64 -67 -66 -65 +68 +69 +70 +71 +72 +73 +74 +75 +76 +77 +78 +84 +85 +86 +87 +88 +89 +90 +91 +92 +93 +94 +95 +96 +97 +98 +99 +100 +101 -115 -114 -113 -112 -111 -110 -109 -108 -107 -106 +116 +117 +118 +119 +120 +121 +122 +123 +124 +125 +126 +127 +128 +129 +130 +131 +132 +133 +134 +135 +136 +137 +139 +140 +141 +142 +139 +140 +141 +142 +139 +140 +141 +142 +143 +144 +145 -83 -3 -2 -1 -146 +79 +80 +81 +82 -62 -61 -60 +53 +54 +55 +56 +57 +58 $
>BUMA.1121.00006.1
+59 -52 -51 -50 -49 -17 +39 -57 -56 -55 -54 -53 -60 +61 +62 -82 -81 -80 -79 +146 +1 +2 +3 +83 -145 -144 -143 -142 -141 -140 -139 -138 -137 -136 -135 -134 -133 -132 +92 +93 +94 +95 +96 +97 +98 +99 +100 +101 +102 +103 +104 +105 +115 -114 -113 -112 -111 -108 -107 -106 +116 +117 +118 +119 +120 +121 +122 +123 +124 +125 +126 +127 +128 +129 +130 -90 -89 -88 -87 -86 -85 -84 -78 -77 -76 -75 -74 -73 -72 -71 -70 +69 -68 -67 -66 -65 -64 -63 +4 +5 +6 +7 +8 +9 +10 -38 -37 -36 -35 +31 +32 -29 -28 +33 +34 +11 +12 +13 +14 +15 +16 +22 +23 +24 +25 +26 -21 -131 -91 -20 -19 -18 +27 -48 -47 -46 -45 -44 -43 -42 -41 -40 +58 $
>BUMA.1121.00017.1
+59 -52 -51 -50 -49 +4 +5 +6 -20 -19 -26 -25 -24 -23 -22 -16 -15 -14 -13 -12 -11 +28 +29 -32 -31 -30 +33 +34 +7 +8 +9 +10 +17 -27 +41 +42 +43 +44 +45 +46 +47 +48 +18 -21 +35 +36 +37 +38 +39 +40 +63 +64 -67 -66 -65 +68 +69 +70 +71 +72 +73 +74 +75 +76 +77 +78 +84 +85 +86 +87 +88 +89 +90 +91 +92 +93 +94 +95 +96 +97 +98 +99 +100 +101 -115 -114 -113 -112 -111 -110 -109 -108 -107 -106 +116 +117 +118 +119 +120 +121 +122 +123 +124 +125 +126 +127 +128 +129 +130 +131 +132 +133 +134 +135 +136 +137 +138 +139 +140 +141 +142 +143 +144 +145 -83 -3 -1 -146 +79 +80 +81 +82 -62 -61 -60 +53 +54 +55 +56 +57 +58 $
>BUMA.1121.00008.1
+59 -52 -51 -50 -49 +4 +5 +6 -20 -19 -26 -25 -24 -23 -22 -16 -15 -14 -13 -12 -11 +28 +29 -32 -31 -30 +33 +34 +7 +8 +7 +8 +9 +10 +17 -27 +41 +42 +43 +44 +45 +46 +47 +48 +18 -21 +35 +36 +37 +38 +39 +40 +63 +64 -67 -66 -65 +68 +69 +70 +71 +72 +73 +74 +75 +76 +77 +78 +85 +85 +85 +85 +86 +87 +88 +89 +90 +91 +92 +93 +94 +95 +96 +97 +98 +99 +100 +101 -115 -114 -113 -112 -111 -110 -109 -108 -107 -106 +116 +117 +118 +119 +120 +121 +122 +123 +124 +125 +126 +127 +128 +129 +130 +131 +132 +133 +134 +135 +136 +137 +138 +139 +140 +141 +142 +143 +144 +145 -83 -3 -2 -1 -146 +79 +80 +81 +82 -62 -61 -60 +53 +54 +55 +56 +57 +58 $
>BUMA.1121.00028.1
+59 -52 -51 -50 -49 +4 +5 +6 -20 -19 -26 -25 -24 -23 -22 -16 -15 -14 -13 -12 -11 +28 +29 -32 -31 -30 +33 +34 +7 +8 +7 +8 +9 +10 +17 -27 +41 +42 +43 +44 +45 +46 +47 +48 +18 -21 +35 +36 +37 +38 +39 +40 +63 +64 -67 -66 -65 +68 +69 +70 +71 +72 +73 +74 +75 +76 +77 +78 +84 +85 +86 +87 +88 +89 +90 +91 +92 +93 +94 +95 +96 +97 +98 +99 +100 +101 -115 -114 -113 -112 -111 -110 -109 -108 -107 -106 +116 +117 +118 +119 +120 +121 +122 +123 +124 +125 +126 +127 +128 +129 +130 +131 +132 +133 +134 +135 +136 +137 +138 +139 +140 +141 +142 +143 +144 +145 -83 -3 -2 -1 -146 +79 +80 +81 +82 -62 -61 -60 +53 +54 +55 +56 +57 +57 +57 +58 $
>BUMA.1121.00008.2
+239 +147 +148 +149 +150 +151 +152 +157 +158 +159 +160 +161 +162 +163 +164 +165 -224 -242 -223 -222 -221 -220 -219 -218 -217 -216 -215 +196 +197 +198 +200 +201 +241 +202 +203 +204 +205 -212 -211 -210 -209 -186 -185 -184 -183 -199 -193 -192 -191 -190 +213 +214 -182 -181 -180 -179 -178 -177 +240 -176 -175 -174 -173 -172 -171 -170 -169 -168 -167 -166 +229 +230 +231 +232 +233 +234 +235 +236 -141 +237 -155 -154 -153 +238 $
>BUMA.1121.00022.2
+182 +196 +197 -198 +200 +201 +241 +202 +203 +204 +205 +206 +207 +208 -212 -211 -210 -209 -189 -188 -187 -186 -185 -184 -183 -199 -193 -192 -191 -190 +213 +214 +215 +216 +217 +218 +219 +220 +221 +222 +223 +242 +224 +225 +226 -184 +227 +228 -165 -164 -163 -162 -161 -160 -159 -158 -157 -156 -155 -154 -153 +238 +239 +147 +148 +149 +150 +151 +152 -237 +141 -236 -235 -234 -233 -232 -231 -230 -229 +166 +167 +168 +169 +170 +171 +172 +173 +174 +175 +176 -240 +177 +178 +179 +180 +181 $
>BUMA.1121.00026.2
+214 -201 -200 -244 +215 +216 +217 +218 +219 +220 +221 +222 -160 -159 -158 -157 -156 -155 +234 +235 +236 -141 +237 +238 +239 +147 +148 +149 -233 -232 -231 -230 -229 +166 -223 +161 +162 +163 +164 +167 +168 +169 +171 +175 +176 -240 +177 +178 +179 +180 +181 +182 +196 +197 +198 +241 +202 +203 +204 +205 -224 +209 +210 +184 +185 +186 +187 +188 +189 -212 -211 -183 -199 -195 -194 -193 -192 -191 -190 +213 $
>BUMA.1121.00026.1
-94 +93 -92 -91 -90 -89 -88 -87 -86 -67 -66 -65 +68 -85 -84 +69 +3 -62 -61 -60 +53 +54 +55 +56 +57 +58 +59 -52 -51 -50 -48 -47 -46 -45 -44 -43 -42 -41 -40 -39 +17 -18 +19 +20 -15 -14 -13 +16 -26 -25 -24 -23 -22 -21 +30 +31 +32 +33 +34 +11 +28 +29 -12 +35 +36 +37 +38 -10 -9 -8 -7 -6 -5 -4 +63 +64 +74 +75 +76 +77 +78 +70 +71 +72 +73 -2 -1 -146 +79 +80 +81 +82 +83 -145 -144 -142 -141 -140 -139 -138 -137 -136 -135 -134 -133 -132 -131 -130 -129 -128 -127 -126 -125 -124 -123 -117 -116 +106 +107 +108 +109 +110 +111 +102 +103 +104 +105 +115 +243 -114 -113 +118 +119 +120 +121 +122 -112 -101 -100 -99 -98 -97 -96 -95 $
>BUMA.1121.00024.2
+239 +147 +148 +149 +150 +151 +152 +157 +158 +159 +160 +161 +162 +163 +164 +165 -224 -242 -223 -219 -218 -217 -216 -215 +196 +197 +198 +200 +201 +241 +202 +203 +204 +205 +241 +202 +203 +204 +205 +206 +207 +208 -212 -211 -210 -209 -186 -185 -184 -183 -199 -193 -192 -191 -190 +213 +214 -182 -181 -180 -179 -178 -177 +240 -176 -175 -174 -173 -172 -171 -170 -169 -168 -167 -166 +229 +230 +231 +232 +233 +234 +235 +236 -141 +237 -155 -154 -153 +238 $
>BUMA.1121.00052.2
-153 +238 +239 +147 +148 +149 +150 +151 +152 -237 +141 -236 -235 -234 -233 -232 -231 -230 +166 +167 +168 +169 +198 +196 +197 -212 -211 -210 -209 -208 -207 -206 -205 -204 -203 -202 -201 -200 -187 -186 -185 -184 -183 -199 +213 +214 +224 +225 +226 -184 +227 +228 -165 -164 -163 -162 -161 -160 -159 -158 -157 -156 -155 -154 $
>BUMA.1121.00032.2
-168 -167 -166 +229 +230 +231 +232 +233 +234 +235 +236 -141 +237 -155 -154 -153 +238 +239 +147 +148 +149 +159 +160 +161 +162 +163 +164 +165 -224 -242 -223 -222 -221 -220 -219 -218 -217 -216 -215 +198 +200 +201 +241 +202 +203 +204 +205 +206 +207 +208 -212 -211 -210 -209 -186 -185 -184 -183 -176 -175 -174 -173 -172 -171 -170 -169 $
>BUMA.1121.00010.1
+121 +122 -108 -107 +123 +124 +125 +126 +127 +128 -68 +65 +66 +58 +59 -52 -51 -50 -49 -48 -47 -46 -45 -44 -43 -42 -41 -40 -39 +6 +7 +8 +9 +10 +17 -27 +18 +12 +13 +14 +15 +16 +22 +23 +24 +25 +26 +19 +20 +11 -21 -34 -33 +30 +31 +32 -29 -28 +35 +36 +37 -38 -5 -4 +63 +64 -67 -57 -56 -55 -54 -53 +60 +61 +62 -3 -2 -1 -146 +79 +80 +81 +82 +83 -145 -144 -142 -141 -140 -139 -138 -137 -136 -135 +96 +97 +98 +99 +100 +101 -134 -133 -132 -130 -129 +69 +70 +71 +72 +73 +74 +75 +76 +77 +78 +84 +85 +86 +87 +88 +89 +90 +91 +92 +93 +94 +95 +102 +103 +104 +105 +106 +109 +110 +111 +112 +113 +114 -115 +116 +117 +118 +119 +120 $
>BUMA.1121.00019.2
+239 +147 +148 +149 +150 +151 +152 +157 +158 +159 +160 +161 +162 +163 +164 +165 -224 -242 -223 -222 -221 -220 -219 -218 -217 -216 -215 +196 +197 +198 +200 +201 +241 +202 +203 +204 +205 -212 -211 -210 -209 -186 -185 -184 -186 -185 -184 -183 -199 -193 -192 -191 -190 +213 +214 -182 -181 -180 -179 -178 -177 +240 -176 -175 -174 -173 -172 -171 -170 -169 -168 -167 -166 +229 +230 +231 +232 +233 +234 +235 +236 -141 +237 -155 -154 -153 +238 $
>BUMA.1121.00030.1
+59 -52 -51 -50 -49 +4 +5 +6 -20 -19 -26 -25 -24 -23 -22 -16 -15 -14 -13 -12 -11 +28 +29 -32 -31 -30 +33 +34 +7 +8 +9 +10 +17 -27 +41 +42 +43 +44 +45 +46 +47 +48 +18 -21 +35 +36 +37 +38 +39 +40 +63 +64 -67 -66 -65 +68 +69 +70 +71 +72 +73 +74 +75 +76 +77 +78 +84 +85 +86 +87 +88 +89 +90 +91 +92 +93 +94 +95 +96 +97 +98 +99 +100 +101 -115 -114 -113 -112 -111 -110 -109 -108 -107 -106 +116 +117 +118 +119 +120 +121 +122 +123 +124 +125 +126 +127 +128 +129 +130 +131 +132 +133 +134 +135 +136 +137 +138 +139 +140 +141 +142 +143 +144 +145 -83 -3 -1 -146 +79 +80 +81 +82 -62 -61 -60 +53 +54 +55 +56 +57 +58 $
>BUMA.1121.00044.2
+238 +239 +147 +148 +149 +150 +151 +152 +157 +158 +159 +160 +161 +162 +163 +164 +165 -224 -242 -219 -218 -217 -216 -215 +196 +197 +198 +200 +201 +241 +202 +203 +204 +205 +206 +207 +208 -212 -211 -210 -209 -186 -185 -184 -183 -199 -193 -192 -191 -190 +213 +214 -182 -181 -180 -179 -178 -177 +240 -176 -175 -174 -173 -172 -171 -170 -169 -168 -167 -166 +229 +230 +231 +232 +233 +234 +235 +236 -141 +237 -155 -154 -153 $
>BUMA.1121.00030.2
-238 +153 +154 +155 -237 +141 -236 -235 -234 -233 -232 -231 -230 -229 +166 +167 +168 +169 +170 +171 +172 +173 +174 +175 +176 -240 +177 +178 +179 +180 +181 +182 -214 -213 +190 +191 +192 +193 +199 +183 +184 +185 +186 +209 +210 +211 +212 -208 -207 -206 -205 -204 -203 -202 -241 -201 -200 -198 -197 -196 +215 +216 +217 +218 +219 +242 +224 -165 -164 -163 -162 -161 -160 -159 -158 -157 -152 -151 -150 -149 -148 -147 -239 $
>BUMA.1121.00020.2
+239 +147 +148 +149 +150 +151 +152 +157 +158 +159 +160 +161 +162 +163 +164 +165 -224 -242 -223 -222 -221 -220 -219 -218 -217 -216 -215 +196 +197 +198 +200 +201 +241 +202 +203 +204 +205 -212 -211 -210 -209 -186 -185 -184 -183 -199 -193 -192 -191 -190 +213 +214 -182 -181 -180 -179 -178 -177 +240 -176 -175 -174 -173 -172 -171 -170 -169 -168 -167 -166 +229 +230 +231 +232 +233 +234 +235 +236 -141 +237 -155 -154 -153 +238 $
>BUMA.1121.00019.1
+59 -52 -51 -50 -49 +4 +5 +6 -20 -19 -26 -25 -24 -23 -22 -16 -15 -14 -13 -12 -11 +28 +29 -32 -31 -30 +33 +34 +7 +8 +7 +8 +9 +10 +17 -27 +41 +42 +43 +44 +45 +46 +47 +48 +18 -21 +35 +36 +37 +38 +39 +40 +63 +64 -67 -66 -65 +68 +69 +70 +71 +72 +73 +74 +75 +76 +77 +78 +84 +85 +86 +87 +88 +89 +90 +91 +92 +93 +94 +95 +96 +97 +98 +99 +100 +101 -115 -114 -113 -112 -111 -108 -107 -106 +116 +117 +118 +119 +120 +121 +122 +123 +124 +125 +126 +127 +128 +129 +130 +132 +133 +134 +135 +136 +137 +138 +139 +140 +141 +142 +143 +144 +145 -83 -3 -2 -1 -146 +79 +80 +81 +82 -62 -61 -60 +53 +54 +55 +56 +57 +57 +58 $
